Drone: 1 DRONE PROPERTIES
                postion: [-8 -8]

                speed: 1.5                
                radio: 1.5                
                direction: [0.70710678 0.70710678]                
                goal: [8 8]                
                max_amp: 0.6981317007977318                
            
[(array([0.9961947 , 0.08715574]), 0.6840402866513375), (array([0.94924264, 0.31454476]), 0.4612317414848803), (array([0.85111667, 0.52497658]), 0.23218582825046055), (array([0.70710678, 0.70710678]), 1.5700924586837752e-16), (array([0.52497658, 0.85111667]), 0.23218582825046044), (array([0.31454476, 0.94924264]), 0.4612317414848804), (array([0.08715574, 0.9961947 ]), 0.6840402866513375), (array([0.70710678, 0.70710678]), 0)]

Drone: 2 DRONE PROPERTIES
                postion: [-4 -8]

                speed: 1.5                
                radio: 1.5                
                direction: [0.4472136  0.89442719]                
                goal: [4 8]                
                max_amp: 0.6981317007977318                
            
[(array([0.91751221, 0.39770762]), 0.6840402866513375), (array([0.80106286, 0.59858024]), 0.4612317414848804), (array([0.641428  , 0.76718324]), 0.23218582825046058), (array([0.4472136 , 0.89442719]), 1.1102230246251565e-16), (array([0.22888979, 0.97345234]), 0.2321858282504604), (array([-0.00177352,  0.99999843]), 0.4612317414848803), (array([-0.23234123,  0.97263434]), 0.6840402866513374), (array([0.4472136 , 0.89442719]), 0)]

Drone: 3 DRONE PROPERTIES
                postion: [ 0 -8]

                speed: 1.5                
                radio: 1.5                
                direction: [-0.24253563  0.9701425 ]                
                goal: [-4  8]                
                max_amp: 0.6981317007977318                
            
[(array([0.43780251, 0.89907117]), 0.6840402866513375), (array([0.21866141, 0.97580079]), 0.46123174148488044), (array([-0.01226779,  0.99992475]), 0.23218582825046047), (array([-0.24253563,  0.9701425 ]), 2.7755575615628914e-17), (array([-0.4597283 ,  0.88805962]), 0.2321858282504605), (array([-0.65213691,  0.75810121]), 0.46123174148488033), (array([-0.80938865,  0.58727338]), 0.6840402866513375), (array([-0.24253563,  0.9701425 ]), 0)]

Drone: 4 DRONE PROPERTIES
                postion: [ 4 -8]

                speed: 1.5                
                radio: 1.5                
                direction: [-0.6  0.8]                
                goal: [-8  8]                
                max_amp: 0.6981317007977318                
            
[(array([0.05460342, 0.99850812]), 0.6840402866513378), (array([-0.17714024,  0.98418562]), 0.46123174148488055), (array([-0.39933423,  0.91680542]), 0.2321858282504606), (array([-0.6,  0.8]), 1.5700924586837752e-16), (array([-0.76831962,  0.64006637]), 0.23218582825046036), (array([-0.89521893,  0.4456266 ]), 0.4612317414848803), (array([-0.97385675,  0.22716299]), 0.6840402866513374), (array([-0.6,  0.8]), 0)]

Drone: 5 DRONE PROPERTIES
                postion: [ 8 -8]

                speed: 1.5                
                radio: 1.5                
                direction: [-0.4472136   0.89442719]                
                goal: [0 8]                
                max_amp: 0.6981317007977318                
            
[(array([0.23234123, 0.97263434]), 0.6840402866513375), (array([0.00177352, 0.99999843]), 0.46123174148488044), (array([-0.22888979,  0.97345234]), 0.23218582825046052), (array([-0.4472136 ,  0.89442719]), 1.2412670766236366e-16), (array([-0.641428  ,  0.76718324]), 0.2321858282504604), (array([-0.80106286,  0.59858024]), 0.4612317414848804), (array([-0.91751221,  0.39770762]), 0.6840402866513375), (array([-0.4472136 ,  0.89442719]), 0)]

